# Menlo Systems Time Domain Spectrometer
# Program Version 1.4.7 
#  Start: -220 ps, Average over 1400 waveforms. Date: 2025-8-25
# Time [ps] 	 THz Signal [a.u.]
-219.98665744	-0.00000000
-219.95330103	-0.00000009
-219.91994462	0.00000024
-219.88658821	0.00000042
-219.85323180	-0.00000048
-219.81987539	0.00000074
-219.78651898	-0.00000187
-219.75316257	0.00000226
-219.71980616	0.00000454
-219.68644975	0.00000069
-219.65309334	0.00000944
-219.61973693	-0.00000524
-219.58638052	0.00001327
-219.55302411	-0.00002330
-219.51966770	-0.00000001
-219.48631129	-0.00002462
-219.45295488	-0.00003439
-219.41959847	0.00000742
-219.38624206	-0.00004545
-219.35288566	0.00004124
-219.31952925	-0.00005609
-219.28617284	-0.00008509
-219.25281643	-0.00001362
-219.21946002	-0.00006920
-219.18610361	-0.00003114
-219.15274720	-0.00002516
-219.11939079	-0.00005665
-219.08603438	-0.00003277
-219.05267797	-0.00004045
-219.01932156	-0.00010828
-218.98596515	0.00000711
-218.95260874	-0.00003038
-218.91925233	-0.00021349
-218.88589592	-0.00011407
-218.85253951	0.00003061
-218.81918310	-0.00005331
-218.78582669	0.00002844
-218.75247028	-0.00012366
-218.71911387	0.00003783
-218.68575746	0.00009518
-218.65240106	-0.00006411
-218.61904465	0.00011205
-218.58568824	0.00019535
-218.55233183	0.00010880
-218.51897542	0.00012025
-218.48561901	0.00011884
-218.45226260	0.00016287
-218.41890619	0.00014112
-218.38554978	0.00022033
-218.35219337	-0.00001755
-218.31883696	-0.00006917
-218.28548055	0.00022246
-218.25212414	0.00002363
-218.21876773	0.00048084
-218.18541132	0.00037999
-218.15205491	0.00037605
-218.11869850	0.00017652
-218.08534209	0.00039762
-218.05198568	0.00043799
-218.01862927	0.00023296
-217.98527287	0.00062063
-217.95191646	0.00044956
-217.91856005	0.00055428
-217.88520364	0.00017409
-217.85184723	0.00057656
-217.81849082	0.00044054
-217.78513441	0.00073898
-217.75177800	0.00054023
-217.71842159	0.00045703
-217.68506518	0.00053291
-217.65170877	0.00035992
-217.61835236	0.00063463
-217.58499595	0.00020459
-217.55163954	0.00077751
-217.51828313	0.00051056
-217.48492672	0.00056162
-217.45157031	0.00069950
-217.41821390	0.00059682
-217.38485749	0.00054786
-217.35150108	0.00075339
-217.31814467	0.00045636
-217.28478827	0.00071333
-217.25143186	0.00056686
-217.21807545	0.00070411
-217.18471904	0.00059345
-217.15136263	0.00057487
-217.11800622	0.00037100
-217.08464981	0.00038846
-217.05129340	0.00031051
-217.01793699	0.00073612
-216.98458058	0.00042979
-216.95122417	0.00052102
-216.91786776	0.00069277
-216.88451135	0.00050665
-216.85115494	0.00033903
-216.81779853	0.00028863
-216.78444212	0.00052099
-216.75108571	0.00042752
-216.71772930	0.00032439
-216.68437289	0.00030627
-216.65101648	0.00020380
-216.61766007	0.00067181
-216.58430367	0.00043724
-216.55094726	0.00034650
-216.51759085	0.00072937
-216.48423444	0.00039154
-216.45087803	0.00016542
-216.41752162	0.00012211
-216.38416521	0.00028207
-216.35080880	-0.00000724
-216.31745239	0.00030726
-216.28409598	0.00035543
-216.25073957	0.00014508
-216.21738316	-0.00022777
-216.18402675	0.00022830
-216.15067034	0.00004001
-216.11731393	0.00000767
-216.08395752	-0.00015154
-216.05060111	0.00012336
-216.01724470	0.00001095
-215.98388829	-0.00013331
-215.95053188	0.00000622
-215.91717547	0.00008513
-215.88381907	0.00008736
-215.85046266	0.00002153
-215.81710625	-0.00016156
-215.78374984	-0.00021455
-215.75039343	-0.00030913
-215.71703702	-0.00054009
-215.68368061	-0.00022693
-215.65032420	-0.00004798
-215.61696779	-0.00020731
-215.58361138	-0.00027515
-215.55025497	-0.00006490
-215.51689856	-0.00015764
-215.48354215	-0.00001359
-215.45018574	-0.00003584
-215.41682933	-0.00016973
-215.38347292	-0.00011944
-215.35011651	-0.00023499
-215.31676010	-0.00043441
-215.28340369	-0.00003057
-215.25004728	-0.00004777
-215.21669087	-0.00051002
-215.18333447	0.00003508
-215.14997806	-0.00035810
-215.11662165	-0.00018148
-215.08326524	-0.00027762
-215.04990883	-0.00012191
-215.01655242	-0.00040150
-214.98319601	-0.00025543
-214.94983960	-0.00005098
-214.91648319	0.00003631
-214.88312678	-0.00005609
-214.84977037	0.00000049
-214.81641396	0.00017728
-214.78305755	0.00008520
-214.74970114	-0.00028875
-214.71634473	0.00008838
-214.68298832	0.00004146
-214.64963191	0.00038419
-214.61627550	0.00020297
-214.58291909	0.00022466
-214.54956268	0.00000507
-214.51620627	0.00023123
-214.48284987	0.00012854
-214.44949346	0.00030199
-214.41613705	0.00020432
-214.38278064	0.00031817
-214.34942423	0.00024364
-214.31606782	0.00035602
-214.28271141	0.00028731
-214.24935500	0.00026263
-214.21599859	0.00049504
-214.18264218	0.00037344
-214.14928577	0.00051108
-214.11592936	0.00037324
-214.08257295	0.00043987
-214.04921654	0.00032323
-214.01586013	0.00061992
-213.98250372	0.00067515
-213.94914731	0.00044073
-213.91579090	0.00031282
-213.88243449	0.00028712
-213.84907808	0.00054993
-213.81572168	0.00033035
-213.78236527	0.00036431
-213.74900886	0.00076556
-213.71565245	0.00043615
-213.68229604	0.00048060
-213.64893963	0.00036320
-213.61558322	0.00045004
-213.58222681	0.00041471
-213.54887040	0.00052325
-213.51551399	0.00027776
-213.48215758	0.00052816
-213.44880117	0.00040420
-213.41544476	0.00056909
-213.38208835	0.00040524
-213.34873194	0.00065033
-213.31537553	0.00035826
-213.28201912	0.00058514
-213.24866271	0.00049367
-213.21530630	0.00069368
-213.18194989	0.00043671
-213.14859348	0.00043474
-213.11523708	0.00083925
-213.08188067	0.00062919
-213.04852426	0.00063866
-213.01516785	0.00051933
-212.98181144	0.00068539
-212.94845503	0.00079452
-212.91509862	0.00075193
-212.88174221	0.00060924
-212.84838580	0.00106887
-212.81502939	0.00060312
-212.78167298	0.00065097
-212.74831657	0.00087770
-212.71496016	0.00085469
-212.68160375	0.00069876
-212.64824734	0.00085162
-212.61489093	0.00037313
-212.58153452	0.00059350
-212.54817811	0.00030007
-212.51482170	0.00045633
-212.48146529	0.00028692
-212.44810888	0.00021093
-212.41475248	0.00010191
-212.38139607	-0.00029951
-212.34803966	-0.00049117
-212.31468325	-0.00037084
-212.28132684	-0.00067772
-212.24797043	-0.00116874
-212.21461402	-0.00104916
-212.18125761	-0.00128655
-212.14790120	-0.00134159
-212.11454479	-0.00159308
-212.08118838	-0.00145836
-212.04783197	-0.00141486
-212.01447556	-0.00154810
-211.98111915	-0.00175084
-211.94776274	-0.00140702
-211.91440633	-0.00139165
-211.88104992	-0.00115095
-211.84769351	-0.00112376
-211.81433710	-0.00120641
-211.78098069	-0.00103319
-211.74762428	-0.00104554
-211.71426788	-0.00081184
-211.68091147	-0.00085088
-211.64755506	-0.00080438
-211.61419865	-0.00068814
-211.58084224	-0.00061557
-211.54748583	-0.00041983
-211.51412942	-0.00046708
-211.48077301	0.00008717
-211.44741660	0.00000376
-211.41406019	0.00011895
-211.38070378	0.00023194
-211.34734737	0.00000265
-211.31399096	0.00008057
-211.28063455	0.00036406
-211.24727814	0.00034621
-211.21392173	0.00045566
-211.18056532	0.00060622
-211.14720891	0.00050269
-211.11385250	0.00038974
-211.08049609	0.00020050
-211.04713968	0.00054521
-211.01378328	0.00025072
-210.98042687	0.00047187
-210.94707046	0.00051293
-210.91371405	0.00060303
-210.88035764	0.00072519
-210.84700123	0.00063974
-210.81364482	0.00070362
-210.78028841	0.00053010
-210.74693200	0.00047533
-210.71357559	0.00061685
-210.68021918	0.00079799
-210.64686277	0.00061363
-210.61350636	0.00060948
-210.58014995	0.00083257
-210.54679354	0.00051742
-210.51343713	0.00046625
-210.48008072	0.00049643
-210.44672431	0.00054069
-210.41336790	0.00040662
-210.38001149	0.00034266
-210.34665508	0.00047811
-210.31329868	0.00026612
-210.27994227	0.00060577
-210.24658586	0.00013678
-210.21322945	0.00024537
-210.17987304	0.00064412
-210.14651663	0.00024812
-210.11316022	0.00023585
-210.07980381	0.00006990
-210.04644740	0.00017370
-210.01309099	0.00017165
-209.97973458	-0.00001671
-209.94637817	-0.00015267
-209.91302176	0.00010075
-209.87966535	-0.00003135
-209.84630894	-0.00001784
-209.81295253	-0.00002322
-209.77959612	-0.00028184
-209.74623971	-0.00023716
-209.71288330	-0.00036204
-209.67952689	-0.00020488
-209.64617049	-0.00028127
-209.61281408	-0.00062231
-209.57945767	-0.00034203
-209.54610126	-0.00077300
-209.51274485	-0.00047633
-209.47938844	-0.00047986
-209.44603203	-0.00083494
-209.41267562	-0.00070210
-209.37931921	-0.00066417
-209.34596280	-0.00097895
-209.31260639	-0.00093176
-209.27924998	-0.00077358
-209.24589357	-0.00094496
-209.21253716	-0.00078435
-209.17918075	-0.00133071
-209.14582434	-0.00107414
-209.11246793	-0.00121379
-209.07911152	-0.00130391
-209.04575511	-0.00116603
-209.01239870	-0.00141821
-208.97904229	-0.00175872
-208.94568589	-0.00124094
-208.91232948	-0.00147749
-208.87897307	-0.00150441
-208.84561666	-0.00164894
-208.81226025	-0.00161830
-208.77890384	-0.00153815
-208.74554743	-0.00154143
-208.71219102	-0.00158725
-208.67883461	-0.00180732
-208.64547820	-0.00156115
-208.61212179	-0.00160466
-208.57876538	-0.00182747
-208.54540897	-0.00161443
-208.51205256	-0.00166749
-208.47869615	-0.00152760
-208.44533974	-0.00178132
-208.41198333	-0.00192052
-208.37862692	-0.00185690
-208.34527051	-0.00213014
-208.31191410	-0.00191372
-208.27855769	-0.00223467
-208.24520129	-0.00230718
-208.21184488	-0.00254719
-208.17848847	-0.00261617
-208.14513206	-0.00270839
-208.11177565	-0.00287152
-208.07841924	-0.00330460
-208.04506283	-0.00342334
-208.01170642	-0.00374711
-207.97835001	-0.00384978
-207.94499360	-0.00377274
-207.91163719	-0.00383140
-207.87828078	-0.00396851
-207.84492437	-0.00406992
-207.81156796	-0.00397596
-207.77821155	-0.00391231
-207.74485514	-0.00402245
-207.71149873	-0.00426789
-207.67814232	-0.00405315
-207.64478591	-0.00413276
-207.61142950	-0.00393998
-207.57807309	-0.00387955
-207.54471669	-0.00383059
-207.51136028	-0.00318167
-207.47800387	-0.00358945
-207.44464746	-0.00310342
-207.41129105	-0.00279042
-207.37793464	-0.00293900
-207.34457823	-0.00270813
-207.31122182	-0.00223321
-207.27786541	-0.00229124
-207.24450900	-0.00189811
-207.21115259	-0.00136407
-207.17779618	-0.00114653
-207.14443977	-0.00091960
-207.11108336	-0.00071731
-207.07772695	-0.00024979
-207.04437054	0.00029667
-207.01101413	0.00024786
-206.97765772	0.00092826
-206.94430131	0.00131202
-206.91094490	0.00204045
-206.87758849	0.00249602
-206.84423209	0.00320536
-206.81087568	0.00355693
-206.77751927	0.00377684
-206.74416286	0.00488089
-206.71080645	0.00490031
-206.67745004	0.00573591
-206.64409363	0.00651859
-206.61073722	0.00712564
-206.57738081	0.00806787
-206.54402440	0.00861298
-206.51066799	0.00953751
-206.47731158	0.01062102
-206.44395517	0.01139962
-206.41059876	0.01290626
-206.37724235	0.01370663
-206.34388594	0.01511181
-206.31052953	0.01644989
-206.27717312	0.01817278
-206.24381671	0.01980598
-206.21046030	0.02142060
-206.17710389	0.02389248
-206.14374749	0.02633583
-206.11039108	0.02859811
-206.07703467	0.03120671
-206.04367826	0.03420193
-206.01032185	0.03727355
-205.97696544	0.04064896
-205.94360903	0.04431668
-205.91025262	0.04844927
-205.87689621	0.05290608
-205.84353980	0.05745157
-205.81018339	0.06260569
-205.77682698	0.06808595
-205.74347057	0.07422609
-205.71011416	0.08017409
-205.67675775	0.08736705
-205.64340134	0.09433977
-205.61004493	0.10234903
-205.57668852	0.11061957
-205.54333211	0.11988681
-205.50997570	0.12959450
-205.47661930	0.14002919
-205.44326289	0.15099909
-205.40990648	0.16248955
-205.37655007	0.17480851
-205.34319366	0.18820652
-205.30983725	0.20152365
-205.27648084	0.21610622
-205.24312443	0.23053700
-205.20976802	0.24486082
-205.17641161	0.25879562
-205.14305520	0.27221478
-205.10969879	0.28335556
-205.07634238	0.29271441
-205.04298597	0.29854028
-205.00962956	0.29969889
-204.97627315	0.29487134
-204.94291674	0.28258219
-204.90956033	0.26223575
-204.87620392	0.23226522
-204.84284751	0.19146752
-204.80949110	0.13830492
-204.77613470	0.07475888
-204.74277829	-0.00058564
-204.70942188	-0.08609636
-204.67606547	-0.17992159
-204.64270906	-0.27859707
-204.60935265	-0.38167902
-204.57599624	-0.48450223
-204.54263983	-0.58618457
-204.50928342	-0.67989704
-204.47592701	-0.76486435
-204.44257060	-0.83682662
-204.40921419	-0.89439115
-204.37585778	-0.93450360
-204.34250137	-0.95681077
-204.30914496	-0.96065925
-204.27578855	-0.94600402
-204.24243214	-0.91430158
-204.20907573	-0.86578011
-204.17571932	-0.80394706
-204.14236291	-0.73000940
-204.10900650	-0.64702971
-204.07565010	-0.55611592
-204.04229369	-0.46333258
-204.00893728	-0.36811340
-203.97558087	-0.27469514
-203.94222446	-0.18351325
-203.90886805	-0.09770254
-203.87551164	-0.01762882
-203.84215523	0.05516224
-203.80879882	0.12259262
-203.77544241	0.17985718
-203.74208600	0.22991642
-203.70872959	0.27183810
-203.67537318	0.30706832
-203.64201677	0.33508803
-203.60866036	0.35713441
-203.57530395	0.37367452
-203.54194754	0.38519330
-203.50859113	0.39214879
-203.47523472	0.39431483
-203.44187831	0.39362339
-203.40852190	0.38981269
-203.37516550	0.38308210
-203.34180909	0.37387737
-203.30845268	0.36261601
-203.27509627	0.34901238
-203.24173986	0.33433299
-203.20838345	0.31830479
-203.17502704	0.30173380
-203.14167063	0.28425160
-203.10831422	0.26638940
-203.07495781	0.24846329
-203.04160140	0.23017805
-203.00824499	0.21203739
-202.97488858	0.19450679
-202.94153217	0.17791231
-202.90817576	0.16218811
-202.87481935	0.14730436
-202.84146294	0.13332584
-202.80810653	0.11995747
-202.77475012	0.10798177
-202.74139371	0.09636152
-202.70803730	0.08629824
-202.67468090	0.07714474
-202.64132449	0.06871028
-202.60796808	0.06115332
-202.57461167	0.05464500
-202.54125526	0.04906036
-202.50789885	0.04396562
-202.47454244	0.03947384
-202.44118603	0.03563956
-202.40782962	0.03242293
-202.37447321	0.03027992
-202.34111680	0.02825063
-202.30776039	0.02649505
-202.27440398	0.02530410
-202.24104757	0.02483562
-202.20769116	0.02377070
-202.17433475	0.02326305
-202.14097834	0.02322809
-202.10762193	0.02282942
-202.07426552	0.02221946
-202.04090911	0.02213264
-202.00755271	0.02129732
-201.97419630	0.02044995
-201.94083989	0.01918033
-201.90748348	0.01800383
-201.87412707	0.01635912
-201.84077066	0.01457278
-201.80741425	0.01279194
-201.77405784	0.01020545
-201.74070143	0.00784471
-201.70734502	0.00518997
-201.67398861	0.00231328
-201.64063220	-0.00063478
-201.60727579	-0.00369330
-201.57391938	-0.00657195
-201.54056297	-0.00948278
-201.50720656	-0.01249617
-201.47385015	-0.01501312
-201.44049374	-0.01746754
-201.40713733	-0.01979747
-201.37378092	-0.02186794
-201.34042451	-0.02353180
-201.30706811	-0.02496282
-201.27371170	-0.02584828
-201.24035529	-0.02635590
-201.20699888	-0.02690125
-201.17364247	-0.02666319
-201.14028606	-0.02614014
-201.10692965	-0.02549578
-201.07357324	-0.02469642
-201.04021683	-0.02336560
-201.00686042	-0.02229006
-200.97350401	-0.02121993
-200.94014760	-0.01992987
-200.90679119	-0.01861360
-200.87343478	-0.01749293
-200.84007837	-0.01652977
-200.80672196	-0.01615373
-200.77336555	-0.01493898
-200.74000914	-0.01473616
-200.70665273	-0.01500907
-200.67329632	-0.01492172
-200.63993991	-0.01490220
-200.60658351	-0.01532770
-200.57322710	-0.01576327
-200.53987069	-0.01607172
-200.50651428	-0.01654526
-200.47315787	-0.01723183
-200.43980146	-0.01729740
-200.40644505	-0.01796043
-200.37308864	-0.01849100
-200.33973223	-0.01882596
-200.30637582	-0.01916975
-200.27301941	-0.01959987
-200.23966300	-0.01974991
-200.20630659	-0.02001683
-200.17295018	-0.02063252
-200.13959377	-0.02123624
-200.10623736	-0.02149768
-200.07288095	-0.02169699
-200.03952454	-0.02179225
-200.00616813	-0.02287973
-199.97281172	-0.02272510
-199.93945531	-0.02319151
-199.90609891	-0.02320800
-199.87274250	-0.02341034
-199.83938609	-0.02325654
-199.80602968	-0.02305142
-199.77267327	-0.02286039
-199.73931686	-0.02288201
-199.70596045	-0.02243761
-199.67260404	-0.02222084
-199.63924763	-0.02124115
-199.60589122	-0.02041601
-199.57253481	-0.01953605
-199.53917840	-0.01897256
-199.50582199	-0.01795291
-199.47246558	-0.01668915
-199.43910917	-0.01611686
-199.40575276	-0.01493591
-199.37239635	-0.01377047
-199.33903994	-0.01232624
-199.30568353	-0.01128527
-199.27232712	-0.01012993
-199.23897071	-0.00890192
-199.20561431	-0.00773759
-199.17225790	-0.00668522
-199.13890149	-0.00527620
-199.10554508	-0.00439369
-199.07218867	-0.00301877
-199.03883226	-0.00249256
-199.00547585	-0.00134459
-198.97211944	-0.00057079
-198.93876303	0.00016541
-198.90540662	0.00075167
-198.87205021	0.00129992
-198.83869380	0.00209497
-198.80533739	0.00185112
-198.77198098	0.00204451
-198.73862457	0.00215141
-198.70526816	0.00242188
-198.67191175	0.00235888
-198.63855534	0.00241097
-198.60519893	0.00205409
-198.57184252	0.00172079
-198.53848611	0.00153638
-198.50512971	0.00099839
-198.47177330	0.00054889
-198.43841689	-0.00020795
-198.40506048	-0.00083407
-198.37170407	-0.00123928
-198.33834766	-0.00205671
-198.30499125	-0.00238708
-198.27163484	-0.00304998
-198.23827843	-0.00341232
-198.20492202	-0.00401988
-198.17156561	-0.00429399
-198.13820920	-0.00447398
-198.10485279	-0.00502002
-198.07149638	-0.00549071
-198.03813997	-0.00586940
-198.00478356	-0.00606789
-197.97142715	-0.00645060
-197.93807074	-0.00676751
-197.90471433	-0.00666259
-197.87135792	-0.00722729
-197.83800152	-0.00716868
-197.80464511	-0.00755767
-197.77128870	-0.00772160
-197.73793229	-0.00772655
-197.70457588	-0.00751141
-197.67121947	-0.00749588
-197.63786306	-0.00744117
-197.60450665	-0.00722382
-197.57115024	-0.00697915
-197.53779383	-0.00635820
-197.50443742	-0.00623792
-197.47108101	-0.00575361
-197.43772460	-0.00546422
-197.40436819	-0.00454394
-197.37101178	-0.00418993
-197.33765537	-0.00330147
-197.30429896	-0.00327516
-197.27094255	-0.00266046
-197.23758614	-0.00239948
-197.20422973	-0.00212413
-197.17087332	-0.00174355
-197.13751692	-0.00208912
-197.10416051	-0.00190447
-197.07080410	-0.00220322
-197.03744769	-0.00219315
-197.00409128	-0.00260978
-196.97073487	-0.00266381
-196.93737846	-0.00307301
-196.90402205	-0.00358521
-196.87066564	-0.00397169
-196.83730923	-0.00444729
-196.80395282	-0.00475815
-196.77059641	-0.00489905
-196.73724000	-0.00527620
-196.70388359	-0.00546318
-196.67052718	-0.00585744
-196.63717077	-0.00595450
-196.60381436	-0.00619013
-196.57045795	-0.00630667
-196.53710154	-0.00623016
-196.50374513	-0.00671492
-196.47038872	-0.00649033
-196.43703232	-0.00626710
-196.40367591	-0.00625874
-196.37031950	-0.00598257
-196.33696309	-0.00498011
-196.30360668	-0.00440718
-196.27025027	-0.00380668
-196.23689386	-0.00307399
-196.20353745	-0.00238866
-196.17018104	-0.00141282
-196.13682463	-0.00048726
-196.10346822	0.00011788
-196.07011181	0.00075846
-196.03675540	0.00199323
-196.00339899	0.00261168
-195.97004258	0.00353890
-195.93668617	0.00382406
-195.90332976	0.00440367
-195.86997335	0.00528313
-195.83661694	0.00517821
-195.80326053	0.00561195
-195.76990412	0.00579607
-195.73654772	0.00610901
-195.70319131	0.00625864
-195.66983490	0.00607521
-195.63647849	0.00632474
-195.60312208	0.00668325
-195.56976567	0.00617529
-195.53640926	0.00621156
-195.50305285	0.00610245
-195.46969644	0.00603289
-195.43634003	0.00586433
-195.40298362	0.00583790
-195.36962721	0.00578333
-195.33627080	0.00560797
-195.30291439	0.00529615
-195.26955798	0.00507602
-195.23620157	0.00470657
-195.20284516	0.00441007
-195.16948875	0.00399276
-195.13613234	0.00369740
-195.10277593	0.00319648
-195.06941952	0.00289877
-195.03606312	0.00255054
-195.00270671	0.00229444
-194.96935030	0.00203195
-194.93599389	0.00131837
-194.90263748	0.00128247
-194.86928107	0.00086249
-194.83592466	0.00027467
-194.80256825	0.00022817
-194.76921184	-0.00010887
-194.73585543	-0.00047517
-194.70249902	-0.00090340
-194.66914261	-0.00115329
-194.63578620	-0.00153872
-194.60242979	-0.00174062
-194.56907338	-0.00164422
-194.53571697	-0.00168878
-194.50236056	-0.00202591
-194.46900415	-0.00209446
-194.43564774	-0.00233501
-194.40229133	-0.00239922
-194.36893492	-0.00250620
-194.33557852	-0.00228808
-194.30222211	-0.00265954
-194.26886570	-0.00243684
-194.23550929	-0.00263602
-194.20215288	-0.00257587
-194.16879647	-0.00240099
-194.13544006	-0.00266144
-194.10208365	-0.00284063
-194.06872724	-0.00240818
-194.03537083	-0.00212605
-194.00201442	-0.00210166
-193.96865801	-0.00207383
-193.93530160	-0.00202420
-193.90194519	-0.00172786
-193.86858878	-0.00163110
-193.83523237	-0.00113234
-193.80187596	-0.00130086
-193.76851955	-0.00058147
-193.73516314	-0.00081000
-193.70180673	-0.00016874
-193.66845033	0.00008101
-193.63509392	-0.00007397
-193.60173751	0.00047229
-193.56838110	0.00054295
-193.53502469	0.00074325
-193.50166828	0.00081015
-193.46831187	0.00071062
-193.43495546	0.00086443
-193.40159905	0.00103484
-193.36824264	0.00087591
-193.33488623	0.00089570
-193.30152982	0.00071136
-193.26817341	0.00037707
-193.23481700	0.00047278
-193.20146059	0.00010679
-193.16810418	-0.00009660
-193.13474777	-0.00040775
-193.10139136	-0.00060828
-193.06803495	-0.00116010
-193.03467854	-0.00153763
-193.00132213	-0.00181625
-192.96796573	-0.00228714
-192.93460932	-0.00254247
-192.90125291	-0.00292470
-192.86789650	-0.00321515
-192.83454009	-0.00338554
-192.80118368	-0.00388647
-192.76782727	-0.00366849
-192.73447086	-0.00354780
-192.70111445	-0.00347395
-192.66775804	-0.00325262
-192.63440163	-0.00326836
-192.60104522	-0.00322902
-192.56768881	-0.00284457
-192.53433240	-0.00268586
-192.50097599	-0.00205175
-192.46761958	-0.00169063
-192.43426317	-0.00149477
-192.40090676	-0.00131163
-192.36755035	-0.00122819
-192.33419394	-0.00100932
-192.30083753	-0.00124673
-192.26748113	-0.00111078
-192.23412472	-0.00133297
-192.20076831	-0.00120025
-192.16741190	-0.00135219
-192.13405549	-0.00170571
-192.10069908	-0.00161647
-192.06734267	-0.00212107
-192.03398626	-0.00210588
-192.00062985	-0.00209538
-191.96727344	-0.00197941
-191.93391703	-0.00200448
-191.90056062	-0.00204207
-191.86720421	-0.00170805
-191.83384780	-0.00144251
-191.80049139	-0.00134896
-191.76713498	-0.00085817
-191.73377857	-0.00055793
-191.70042216	-0.00033505
-191.66706575	-0.00010723
-191.63370934	-0.00015296
-191.60035293	-0.00016328
-191.56699653	-0.00017202
-191.53364012	-0.00016202
-191.50028371	-0.00010423
-191.46692730	-0.00042685
-191.43357089	-0.00074353
-191.40021448	-0.00077685
-191.36685807	-0.00138137
-191.33350166	-0.00150670
-191.30014525	-0.00183356
-191.26678884	-0.00237840
-191.23343243	-0.00280624
-191.20007602	-0.00304929
-191.16671961	-0.00311564
-191.13336320	-0.00342869
-191.10000679	-0.00363583
-191.06665038	-0.00382993
-191.03329397	-0.00378822
-190.99993756	-0.00359594
-190.96658115	-0.00372475
-190.93322474	-0.00358607
-190.89986833	-0.00336434
-190.86651193	-0.00336857
-190.83315552	-0.00268102
-190.79979911	-0.00231130
-190.76644270	-0.00239336
-190.73308629	-0.00225023
-190.69972988	-0.00155161
-190.66637347	-0.00135190
-190.63301706	-0.00102359
-190.59966065	-0.00082082
-190.56630424	-0.00072980
-190.53294783	-0.00039568
-190.49959142	-0.00061177
-190.46623501	-0.00049626
-190.43287860	-0.00066294
-190.39952219	-0.00059753
-190.36616578	-0.00084132
-190.33280937	-0.00068270
-190.29945296	-0.00098357
-190.26609655	-0.00073713
-190.23274014	-0.00075044
-190.19938373	-0.00054330
-190.16602733	-0.00037823
-190.13267092	-0.00049226
-190.09931451	-0.00030643
-190.06595810	-0.00019709
-190.03260169	0.00058376
-189.99924528	0.00046749
-189.96588887	0.00043325
-189.93253246	0.00072161
-189.89917605	0.00103811
-189.86581964	0.00090568
-189.83246323	0.00073737
-189.79910682	0.00086300
-189.76575041	0.00059736
-189.73239400	0.00020794
-189.69903759	0.00005722
-189.66568118	-0.00032802
-189.63232477	-0.00080268
-189.59896836	-0.00115033
-189.56561195	-0.00168011
-189.53225554	-0.00226049
-189.49889914	-0.00268295
-189.46554273	-0.00309463
-189.43218632	-0.00366119
-189.39882991	-0.00410038
-189.36547350	-0.00447135
-189.33211709	-0.00490182
-189.29876068	-0.00530238
-189.26540427	-0.00544853
-189.23204786	-0.00555878
-189.19869145	-0.00562072
-189.16533504	-0.00542773
-189.13197863	-0.00556106
-189.09862222	-0.00532296
-189.06526581	-0.00510966
-189.03190940	-0.00451418
-188.99855299	-0.00436672
-188.96519658	-0.00399123
-188.93184017	-0.00364941
-188.89848376	-0.00320334
-188.86512735	-0.00288545
-188.83177094	-0.00256709
-188.79841454	-0.00247966
-188.76505813	-0.00247979
-188.73170172	-0.00245071
-188.69834531	-0.00229767
-188.66498890	-0.00257706
-188.63163249	-0.00253632
-188.59827608	-0.00258253
-188.56491967	-0.00260820
-188.53156326	-0.00265824
-188.49820685	-0.00289026
-188.46485044	-0.00244299
-188.43149403	-0.00250580
-188.39813762	-0.00204980
-188.36478121	-0.00132819
-188.33142480	-0.00113810
-188.29806839	-0.00069702
-188.26471198	0.00014189
-188.23135557	0.00044831
-188.19799916	0.00125271
-188.16464275	0.00153352
-188.13128634	0.00177191
-188.09792994	0.00234072
-188.06457353	0.00257285
-188.03121712	0.00272980
-187.99786071	0.00265725
-187.96450430	0.00274617
-187.93114789	0.00233690
-187.89779148	0.00203809
-187.86443507	0.00181896
-187.83107866	0.00112024
-187.79772225	0.00087578
-187.76436584	0.00038056
-187.73100943	0.00005194
-187.69765302	-0.00022775
-187.66429661	-0.00081062
-187.63094020	-0.00088413
-187.59758379	-0.00121804
-187.56422738	-0.00148626
-187.53087097	-0.00151990
-187.49751456	-0.00175315
-187.46415815	-0.00174058
-187.43080174	-0.00172978
-187.39744534	-0.00146741
-187.36408893	-0.00110189
-187.33073252	-0.00149096
-187.29737611	-0.00109628
-187.26401970	-0.00096268
-187.23066329	-0.00054906
-187.19730688	-0.00057378
-187.16395047	-0.00031748
-187.13059406	-0.00025320
-187.09723765	-0.00013938
-187.06388124	-0.00008449
-187.03052483	-0.00044857
-186.99716842	-0.00033615
-186.96381201	-0.00079196
-186.93045560	-0.00125578
-186.89709919	-0.00172991
-186.86374278	-0.00199825
-186.83038637	-0.00253536
-186.79702996	-0.00307306
-186.76367355	-0.00340116
-186.73031714	-0.00365350
-186.69696074	-0.00379232
-186.66360433	-0.00405041
-186.63024792	-0.00439034
-186.59689151	-0.00410817
-186.56353510	-0.00432027
-186.53017869	-0.00398211
-186.49682228	-0.00367850
-186.46346587	-0.00362369
-186.43010946	-0.00324203
-186.39675305	-0.00316124
-186.36339664	-0.00307065
-186.33004023	-0.00281244
-186.29668382	-0.00309107
-186.26332741	-0.00278532
-186.22997100	-0.00285647
-186.19661459	-0.00312654
-186.16325818	-0.00324586
-186.12990177	-0.00317412
-186.09654536	-0.00346289
-186.06318895	-0.00371553
-186.02983255	-0.00397043
-185.99647614	-0.00428490
-185.96311973	-0.00449926
-185.92976332	-0.00468080
-185.89640691	-0.00475119
-185.86305050	-0.00503361
-185.82969409	-0.00511459
-185.79633768	-0.00524008
-185.76298127	-0.00545268
-185.72962486	-0.00530300
-185.69626845	-0.00533516
-185.66291204	-0.00508215
-185.62955563	-0.00524075
-185.59619922	-0.00517659
-185.56284281	-0.00474343
-185.52948640	-0.00454755
-185.49612999	-0.00429232
-185.46277358	-0.00365458
-185.42941717	-0.00380142
-185.39606076	-0.00309483
-185.36270435	-0.00291034
-185.32934795	-0.00272255
-185.29599154	-0.00255209
-185.26263513	-0.00231436
-185.22927872	-0.00251107
-185.19592231	-0.00222495
-185.16256590	-0.00243087
-185.12920949	-0.00249691
-185.09585308	-0.00270275
-185.06249667	-0.00298673
-185.02914026	-0.00298445
-184.99578385	-0.00290143
-184.96242744	-0.00312071
-184.92907103	-0.00341038
-184.89571462	-0.00306874
-184.86235821	-0.00281710
-184.82900180	-0.00284967
-184.79564539	-0.00227071
-184.76228898	-0.00209646
-184.72893257	-0.00170230
-184.69557616	-0.00109028
-184.66221975	-0.00059165
-184.62886335	-0.00016671
-184.59550694	0.00042695
-184.56215053	0.00056563
-184.52879412	0.00106179
-184.49543771	0.00106263
-184.46208130	0.00145015
-184.42872489	0.00156944
-184.39536848	0.00157820
-184.36201207	0.00136785
-184.32865566	0.00121382
-184.29529925	0.00119443
-184.26194284	0.00070442
-184.22858643	0.00077313
-184.19523002	0.00020519
-184.16187361	0.00019570
-184.12851720	-0.00014852
-184.09516079	-0.00050688
-184.06180438	-0.00069495
-184.02844797	-0.00091155
-183.99509156	-0.00104620
-183.96173515	-0.00140294
-183.92837875	-0.00136802
-183.89502234	-0.00183931
-183.86166593	-0.00207983
-183.82830952	-0.00168425
-183.79495311	-0.00191477
-183.76159670	-0.00200081
-183.72824029	-0.00181375
-183.69488388	-0.00187332
-183.66152747	-0.00179019
-183.62817106	-0.00150904
-183.59481465	-0.00178704
-183.56145824	-0.00149785
-183.52810183	-0.00145822
-183.49474542	-0.00152010
-183.46138901	-0.00130284
-183.42803260	-0.00100875
-183.39467619	-0.00111699
-183.36131978	-0.00100255
-183.32796337	-0.00117982
-183.29460696	-0.00103518
-183.26125055	-0.00106683
-183.22789415	-0.00118327
-183.19453774	-0.00106847
-183.16118133	-0.00094459
-183.12782492	-0.00084559
-183.09446851	-0.00070421
-183.06111210	-0.00090959
-183.02775569	-0.00105023
-182.99439928	-0.00077996
-182.96104287	-0.00078083
-182.92768646	-0.00102691
-182.89433005	-0.00142665
-182.86097364	-0.00150793
-182.82761723	-0.00150965
-182.79426082	-0.00190140
-182.76090441	-0.00208394
-182.72754800	-0.00255306
-182.69419159	-0.00315254
-182.66083518	-0.00362422
-182.62747877	-0.00393776
-182.59412236	-0.00471500
-182.56076595	-0.00518522
-182.52740955	-0.00550160
-182.49405314	-0.00593118
-182.46069673	-0.00653653
-182.42734032	-0.00696217
-182.39398391	-0.00705730
-182.36062750	-0.00747515
-182.32727109	-0.00778991
-182.29391468	-0.00801033
-182.26055827	-0.00831307
-182.22720186	-0.00836150
-182.19384545	-0.00841757
-182.16048904	-0.00860480
-182.12713263	-0.00865697
-182.09377622	-0.00857239
-182.06041981	-0.00830913
-182.02706340	-0.00813425
-181.99370699	-0.00811703
-181.96035058	-0.00759150
-181.92699417	-0.00758023
-181.89363776	-0.00698929
-181.86028136	-0.00683003
-181.82692495	-0.00639388
-181.79356854	-0.00590208
-181.76021213	-0.00554314
-181.72685572	-0.00514233
-181.69349931	-0.00469573
-181.66014290	-0.00435648
-181.62678649	-0.00407247
-181.59343008	-0.00373527
-181.56007367	-0.00367687
-181.52671726	-0.00341718
-181.49336085	-0.00331538
-181.46000444	-0.00287963
-181.42664803	-0.00282656
-181.39329162	-0.00282906
-181.35993521	-0.00239863
-181.32657880	-0.00256569
-181.29322239	-0.00222901
-181.25986598	-0.00198606
-181.22650957	-0.00193633
-181.19315316	-0.00169949
-181.15979676	-0.00153039
-181.12644035	-0.00136235
-181.09308394	-0.00138985
-181.05972753	-0.00116039
-181.02637112	-0.00120835
-180.99301471	-0.00102616
-180.95965830	-0.00111091
-180.92630189	-0.00109627
-180.89294548	-0.00104465
-180.85958907	-0.00095927
-180.82623266	-0.00099081
-180.79287625	-0.00094644
-180.75951984	-0.00078918
-180.72616343	-0.00074797
-180.69280702	-0.00073153
-180.65945061	-0.00065888
-180.62609420	-0.00061478
-180.59273779	-0.00048653
-180.55938138	-0.00043936
-180.52602497	-0.00037979
-180.49266856	-0.00034311
-180.45931216	-0.00025410
-180.42595575	-0.00024666
-180.39259934	-0.00020360
-180.35924293	-0.00015052
-180.32588652	-0.00013103
-180.29253011	-0.00010482
-180.25917370	-0.00009637
-180.22581729	-0.00007036
-180.19246088	-0.00005494
-180.15910447	-0.00003951
-180.12574806	-0.00002345
-180.09239165	-0.00001403
-180.05903524	-0.00000612
-180.02567883	-0.00000160
-179.99232242	-0.00000000
