# Menlo Systems Time Domain Spectrometer
# Program Version 1.4.7 
#  Start: -220 ps, Average over 1400 waveforms. Date: 2025-8-25
# Time [ps] 	 THz Signal [a.u.]
-219.98665744	-0.00000000
-219.95330103	-0.00000007
-219.91994462	0.00000001
-219.88658821	-0.00000077
-219.85323180	0.00000328
-219.81987539	-0.00000014
-219.78651898	-0.00000561
-219.75316257	0.00000429
-219.71980616	-0.00000043
-219.68644975	0.00000853
-219.65309334	0.00001851
-219.61973693	0.00001570
-219.58638052	-0.00002068
-219.55302411	0.00000343
-219.51966770	0.00004235
-219.48631129	0.00001009
-219.45295488	0.00004196
-219.41959847	0.00004390
-219.38624206	0.00003418
-219.35288566	0.00005673
-219.31952925	0.00004229
-219.28617284	-0.00001147
-219.25281643	0.00006544
-219.21946002	0.00011266
-219.18610361	0.00003247
-219.15274720	0.00009585
-219.11939079	0.00014849
-219.08603438	0.00020810
-219.05267797	0.00013169
-219.01932156	0.00017516
-218.98596515	0.00015924
-218.95260874	0.00017587
-218.91925233	0.00021289
-218.88589592	0.00026917
-218.85253951	0.00031998
-218.81918310	0.00044838
-218.78582669	0.00040418
-218.75247028	0.00035147
-218.71911387	0.00028818
-218.68575746	0.00048368
-218.65240106	0.00064568
-218.61904465	0.00045727
-218.58568824	0.00065680
-218.55233183	0.00081062
-218.51897542	0.00075075
-218.48561901	0.00077517
-218.45226260	0.00084085
-218.41890619	0.00092347
-218.38554978	0.00085298
-218.35219337	0.00081788
-218.31883696	0.00113489
-218.28548055	0.00123136
-218.25212414	0.00141841
-218.21876773	0.00155244
-218.18541132	0.00160378
-218.15205491	0.00156596
-218.11869850	0.00179640
-218.08534209	0.00181636
-218.05198568	0.00193940
-218.01862927	0.00193375
-217.98527287	0.00199964
-217.95191646	0.00208242
-217.91856005	0.00191440
-217.88520364	0.00168638
-217.85184723	0.00186931
-217.81849082	0.00145390
-217.78513441	0.00131091
-217.75177800	0.00061745
-217.71842159	0.00019430
-217.68506518	-0.00064988
-217.65170877	-0.00139021
-217.61835236	-0.00231299
-217.58499595	-0.00330096
-217.55163954	-0.00415896
-217.51828313	-0.00470614
-217.48492672	-0.00522136
-217.45157031	-0.00549196
-217.41821390	-0.00550904
-217.38485749	-0.00515932
-217.35150108	-0.00461967
-217.31814467	-0.00419438
-217.28478827	-0.00331882
-217.25143186	-0.00280525
-217.21807545	-0.00199013
-217.18471904	-0.00125667
-217.15136263	-0.00045070
-217.11800622	0.00002263
-217.08464981	0.00059992
-217.05129340	0.00135133
-217.01793699	0.00155478
-216.98458058	0.00185200
-216.95122417	0.00183221
-216.91786776	0.00182822
-216.88451135	0.00172268
-216.85115494	0.00182896
-216.81779853	0.00142493
-216.78444212	0.00163344
-216.75108571	0.00159136
-216.71772930	0.00132816
-216.68437289	0.00120941
-216.65101648	0.00119684
-216.61766007	0.00094695
-216.58430367	0.00099189
-216.55094726	0.00068344
-216.51759085	0.00049569
-216.48423444	0.00073424
-216.45087803	0.00089388
-216.41752162	0.00112209
-216.38416521	0.00070563
-216.35080880	0.00078902
-216.31745239	0.00074610
-216.28409598	0.00066377
-216.25073957	0.00065247
-216.21738316	0.00061064
-216.18402675	0.00033396
-216.15067034	0.00071851
-216.11731393	0.00033909
-216.08395752	0.00048206
-216.05060111	0.00041575
-216.01724470	0.00032005
-215.98388829	0.00035077
-215.95053188	0.00022637
-215.91717547	0.00037891
-215.88381907	0.00027999
-215.85046266	0.00039887
-215.81710625	0.00026910
-215.78374984	0.00019296
-215.75039343	0.00019257
-215.71703702	0.00044702
-215.68368061	0.00051480
-215.65032420	0.00025088
-215.61696779	0.00016246
-215.58361138	-0.00018469
-215.55025497	0.00022624
-215.51689856	0.00003672
-215.48354215	-0.00029543
-215.45018574	-0.00045988
-215.41682933	-0.00037745
-215.38347292	-0.00056762
-215.35011651	-0.00075137
-215.31676010	-0.00062061
-215.28340369	-0.00086406
-215.25004728	-0.00093987
-215.21669087	-0.00097956
-215.18333447	-0.00073848
-215.14997806	-0.00103912
-215.11662165	-0.00085769
-215.08326524	-0.00112628
-215.04990883	-0.00086281
-215.01655242	-0.00090924
-214.98319601	-0.00101110
-214.94983960	-0.00108020
-214.91648319	-0.00125178
-214.88312678	-0.00089688
-214.84977037	-0.00133099
-214.81641396	-0.00160067
-214.78305755	-0.00139402
-214.74970114	-0.00187944
-214.71634473	-0.00172215
-214.68298832	-0.00194600
-214.64963191	-0.00185018
-214.61627550	-0.00170408
-214.58291909	-0.00191433
-214.54956268	-0.00178002
-214.51620627	-0.00189327
-214.48284987	-0.00179351
-214.44949346	-0.00179476
-214.41613705	-0.00164204
-214.38278064	-0.00178754
-214.34942423	-0.00164582
-214.31606782	-0.00156949
-214.28271141	-0.00156386
-214.24935500	-0.00137836
-214.21599859	-0.00141075
-214.18264218	-0.00116684
-214.14928577	-0.00123878
-214.11592936	-0.00107881
-214.08257295	-0.00099959
-214.04921654	-0.00102721
-214.01586013	-0.00088576
-213.98250372	-0.00082065
-213.94914731	-0.00057542
-213.91579090	-0.00044932
-213.88243449	-0.00064406
-213.84907808	-0.00043918
-213.81572168	-0.00040408
-213.78236527	-0.00030550
-213.74900886	-0.00070457
-213.71565245	-0.00042678
-213.68229604	-0.00095143
-213.64893963	-0.00115985
-213.61558322	-0.00123979
-213.58222681	-0.00175229
-213.54887040	-0.00203561
-213.51551399	-0.00287946
-213.48215758	-0.00357163
-213.44880117	-0.00422545
-213.41544476	-0.00515734
-213.38208835	-0.00575308
-213.34873194	-0.00628757
-213.31537553	-0.00707799
-213.28201912	-0.00747064
-213.24866271	-0.00799058
-213.21530630	-0.00778918
-213.18194989	-0.00765644
-213.14859348	-0.00707911
-213.11523708	-0.00644197
-213.08188067	-0.00515391
-213.04852426	-0.00417001
-213.01516785	-0.00269719
-212.98181144	-0.00142233
-212.94845503	-0.00021367
-212.91509862	0.00096357
-212.88174221	0.00203820
-212.84838580	0.00300177
-212.81502939	0.00381783
-212.78167298	0.00430771
-212.74831657	0.00462449
-212.71496016	0.00489350
-212.68160375	0.00501469
-212.64824734	0.00499439
-212.61489093	0.00529270
-212.58153452	0.00544820
-212.54817811	0.00577204
-212.51482170	0.00581737
-212.48146529	0.00603291
-212.44810888	0.00629259
-212.41475248	0.00628844
-212.38139607	0.00651542
-212.34803966	0.00660644
-212.31468325	0.00681736
-212.28132684	0.00699508
-212.24797043	0.00688099
-212.21461402	0.00708190
-212.18125761	0.00739573
-212.14790120	0.00765058
-212.11454479	0.00756224
-212.08118838	0.00819539
-212.04783197	0.00827964
-212.01447556	0.00852886
-211.98111915	0.00899235
-211.94776274	0.00913193
-211.91440633	0.00997167
-211.88104992	0.01068070
-211.84769351	0.01168889
-211.81433710	0.01296891
-211.78098069	0.01395643
-211.74762428	0.01536811
-211.71426788	0.01740382
-211.68091147	0.01923348
-211.64755506	0.02146776
-211.61419865	0.02392034
-211.58084224	0.02654971
-211.54748583	0.02943798
-211.51412942	0.03259573
-211.48077301	0.03649181
-211.44741660	0.04075198
-211.41406019	0.04479741
-211.38070378	0.05002964
-211.34734737	0.05551719
-211.31399096	0.06105492
-211.28063455	0.06744174
-211.24727814	0.07409591
-211.21392173	0.08178938
-211.18056532	0.08974596
-211.14720891	0.09811944
-211.11385250	0.10716634
-211.08049609	0.11691352
-211.04713968	0.12663245
-211.01378328	0.13721360
-210.98042687	0.14764018
-210.94707046	0.16021783
-210.91371405	0.17286125
-210.88035764	0.18639824
-210.84700123	0.20010215
-210.81364482	0.21555833
-210.78028841	0.23161162
-210.74693200	0.24778822
-210.71357559	0.26565401
-210.68021918	0.28593003
-210.64686277	0.30700775
-210.61350636	0.32954809
-210.58014995	0.35317651
-210.54679354	0.37924968
-210.51343713	0.40641283
-210.48008072	0.43467378
-210.44672431	0.46437374
-210.41336790	0.49657460
-210.38001149	0.52899508
-210.34665508	0.56070559
-210.31329868	0.59045224
-210.27994227	0.61714369
-210.24658586	0.63615398
-210.21322945	0.64506903
-210.17987304	0.63802866
-210.14651663	0.60778280
-210.11316022	0.54641273
-210.07980381	0.44375105
-210.04644740	0.29107822
-210.01309099	0.07414569
-209.97973458	-0.20801371
-209.94637817	-0.56134387
-209.91302176	-0.98159958
-209.87966535	-1.47827663
-209.84630894	-2.00933267
-209.81295253	-2.55332134
-209.77959612	-3.06854904
-209.74623971	-3.51575474
-209.71288330	-3.83951643
-209.67952689	-4.00933659
-209.64617049	-3.99558331
-209.61281408	-3.78592826
-209.57945767	-3.39546613
-209.54610126	-2.84773526
-209.51274485	-2.19323424
-209.47938844	-1.47608685
-209.44603203	-0.75536713
-209.41267562	-0.05206872
-209.37931921	0.58363910
-209.34596280	1.14937821
-209.31260639	1.61563042
-209.27924998	1.98508412
-209.24589357	2.23693305
-209.21253716	2.36699509
-209.17918075	2.37888320
-209.14582434	2.28427135
-209.11246793	2.11206438
-209.07911152	1.89322826
-209.04575511	1.66425115
-209.01239870	1.43831367
-208.97904229	1.23288580
-208.94568589	1.04775504
-208.91232948	0.87713663
-208.87897307	0.71396485
-208.84561666	0.57200599
-208.81226025	0.45971913
-208.77890384	0.38470326
-208.74554743	0.34671321
-208.71219102	0.34028477
-208.67883461	0.34840234
-208.64547820	0.35563991
-208.61212179	0.34962826
-208.57876538	0.32738834
-208.54540897	0.29168055
-208.51205256	0.24883248
-208.47869615	0.19940625
-208.44533974	0.14694612
-208.41198333	0.09331935
-208.37862692	0.03891830
-208.34527051	-0.01744616
-208.31191410	-0.06808183
-208.27855769	-0.10914761
-208.24520129	-0.13808774
-208.21184488	-0.15462568
-208.17848847	-0.15644057
-208.14513206	-0.14563166
-208.11177565	-0.12598642
-208.07841924	-0.10050789
-208.04506283	-0.07428923
-208.01170642	-0.05144517
-207.97835001	-0.03243282
-207.94499360	-0.01659543
-207.91163719	-0.00407756
-207.87828078	0.00423208
-207.84492437	0.00857220
-207.81156796	0.00917224
-207.77821155	0.00639499
-207.74485514	0.00148272
-207.71149873	-0.00357779
-207.67814232	-0.00852057
-207.64478591	-0.01118423
-207.61142950	-0.01133666
-207.57807309	-0.00798445
-207.54471669	-0.00126960
-207.51136028	0.00721656
-207.47800387	0.01574886
-207.44464746	0.02439718
-207.41129105	0.03272110
-207.37793464	0.04013612
-207.34457823	0.04462565
-207.31122182	0.04693969
-207.27786541	0.04664974
-207.24450900	0.04426475
-207.21115259	0.04130499
-207.17779618	0.03697497
-207.14443977	0.03056660
-207.11108336	0.02153440
-207.07772695	0.00988833
-207.04437054	-0.00309900
-207.01101413	-0.01837952
-206.97765772	-0.03202537
-206.94430131	-0.04326198
-206.91094490	-0.05182225
-206.87758849	-0.05830786
-206.84423209	-0.06369641
-206.81087568	-0.06804268
-206.77751927	-0.07158743
-206.74416286	-0.07482803
-206.71080645	-0.07669874
-206.67745004	-0.07732836
-206.64409363	-0.07707212
-206.61073722	-0.07698159
-206.57738081	-0.07726656
-206.54402440	-0.07721793
-206.51066799	-0.07606308
-206.47731158	-0.07189895
-206.44395517	-0.06424272
-206.41059876	-0.05367621
-206.37724235	-0.04266020
-206.34388594	-0.03028141
-206.31052953	-0.01862716
-206.27717312	-0.00889432
-206.24381671	0.00043034
-206.21046030	0.00943052
-206.17710389	0.01769116
-206.14374749	0.02410133
-206.11039108	0.02803777
-206.07703467	0.02901612
-206.04367826	0.02610685
-206.01032185	0.01973204
-205.97696544	0.01035622
-205.94360903	-0.00240897
-205.91025262	-0.01643761
-205.87689621	-0.02984222
-205.84353980	-0.04050231
-205.81018339	-0.04973691
-205.77682698	-0.05608958
-205.74347057	-0.05953926
-205.71011416	-0.05961847
-205.67675775	-0.05702525
-205.64340134	-0.05109919
-205.61004493	-0.04388057
-205.57668852	-0.03576185
-205.54333211	-0.02738825
-205.50997570	-0.01915872
-205.47661930	-0.01343546
-205.44326289	-0.01074527
-205.40990648	-0.01107824
-205.37655007	-0.01468448
-205.34319366	-0.01935184
-205.30983725	-0.02487117
-205.27648084	-0.03061943
-205.24312443	-0.03624669
-205.20976802	-0.04119493
-205.17641161	-0.04463950
-205.14305520	-0.04642432
-205.10969879	-0.04640096
-205.07634238	-0.04509877
-205.04298597	-0.04296126
-205.00962956	-0.03955650
-204.97627315	-0.03554702
-204.94291674	-0.03169700
-204.90956033	-0.02704454
-204.87620392	-0.02195495
-204.84284751	-0.01600156
-204.80949110	-0.01066482
-204.77613470	-0.00597667
-204.74277829	-0.00189803
-204.70942188	0.00117465
-204.67606547	0.00341551
-204.64270906	0.00481032
-204.60935265	0.00492593
-204.57599624	0.00406245
-204.54263983	0.00346770
-204.50928342	0.00371153
-204.47592701	0.00571914
-204.44257060	0.00959627
-204.40921419	0.01543416
-204.37585778	0.02091978
-204.34250137	0.02518116
-204.30914496	0.02727735
-204.27578855	0.02637809
-204.24243214	0.02396015
-204.20907573	0.02104674
-204.17571932	0.01799752
-204.14236291	0.01514953
-204.10900650	0.01303219
-204.07565010	0.01008890
-204.04229369	0.00665977
-204.00893728	0.00232077
-203.97558087	-0.00174311
-203.94222446	-0.00471448
-203.90886805	-0.00689169
-203.87551164	-0.00741231
-203.84215523	-0.00746298
-203.80879882	-0.00665042
-203.77544241	-0.00594842
-203.74208600	-0.00566170
-203.70872959	-0.00577573
-203.67537318	-0.00653806
-203.64201677	-0.00797845
-203.60866036	-0.00998640
-203.57530395	-0.01246573
-203.54194754	-0.01584852
-203.50859113	-0.01884500
-203.47523472	-0.02051871
-203.44187831	-0.01991488
-203.40852190	-0.01697464
-203.37516550	-0.01267461
-203.34180909	-0.00737962
-203.30845268	-0.00358507
-203.27509627	-0.00141722
-203.24173986	-0.00168724
-203.20838345	-0.00340170
-203.17502704	-0.00497924
-203.14167063	-0.00536160
-203.10831422	-0.00564826
-203.07495781	-0.00517287
-203.04160140	-0.00568710
-203.00824499	-0.00739102
-202.97488858	-0.01022676
-202.94153217	-0.01267478
-202.90817576	-0.01384466
-202.87481935	-0.01326569
-202.84146294	-0.01096015
-202.80810653	-0.00744085
-202.77475012	-0.00409616
-202.74139371	-0.00139828
-202.70803730	0.00094443
-202.67468090	0.00273448
-202.64132449	0.00572791
-202.60796808	0.00954840
-202.57461167	0.01444750
-202.54125526	0.01927984
-202.50789885	0.02317271
-202.47454244	0.02449226
-202.44118603	0.02307290
-202.40782962	0.01805058
-202.37447321	0.01160027
-202.34111680	0.00484973
-202.30776039	-0.00166531
-202.27440398	-0.00740513
-202.24104757	-0.01203499
-202.20769116	-0.01535847
-202.17433475	-0.01741909
-202.14097834	-0.01835299
-202.10762193	-0.01829217
-202.07426552	-0.01727952
-202.04090911	-0.01565595
-202.00755271	-0.01338162
-201.97419630	-0.01137433
-201.94083989	-0.00918852
-201.90748348	-0.00820948
-201.87412707	-0.00744826
-201.84077066	-0.00634987
-201.80741425	-0.00597974
-201.77405784	-0.00539011
-201.74070143	-0.00601506
-201.70734502	-0.00724308
-201.67398861	-0.00978865
-201.64063220	-0.01329395
-201.60727579	-0.01577003
-201.57391938	-0.01644975
-201.54056297	-0.01416646
-201.50720656	-0.00914341
-201.47385015	-0.00200802
-201.44049374	0.00621636
-201.40713733	0.01390315
-201.37378092	0.02031181
-201.34042451	0.02480830
-201.30706811	0.02790888
-201.27371170	0.02958760
-201.24035529	0.03081268
-201.20699888	0.03058639
-201.17364247	0.02939061
-201.14028606	0.02685377
-201.10692965	0.02253059
-201.07357324	0.01716189
-201.04021683	0.01209190
-201.00686042	0.00778996
-200.97350401	0.00418062
-200.94014760	0.00133900
-200.90679119	-0.00007895
-200.87343478	-0.00064864
-200.84007837	0.00039489
-200.80672196	0.00345376
-200.77336555	0.00731263
-200.74000914	0.01192370
-200.70665273	0.01571229
-200.67329632	0.01877918
-200.63993991	0.02002302
-200.60658351	0.01958496
-200.57322710	0.01697431
-200.53987069	0.01324878
-200.50651428	0.00971707
-200.47315787	0.00682452
-200.43980146	0.00459187
-200.40644505	0.00256018
-200.37308864	0.00110110
-200.33973223	-0.00149796
-200.30637582	-0.00399899
-200.27301941	-0.00648311
-200.23966300	-0.00835104
-200.20630659	-0.00885666
-200.17295018	-0.00919005
-200.13959377	-0.00885989
-200.10623736	-0.00857404
-200.07288095	-0.00774483
-200.03952454	-0.00713299
-200.00616813	-0.00684060
-199.97281172	-0.00652201
-199.93945531	-0.00653774
-199.90609891	-0.00677230
-199.87274250	-0.00747019
-199.83938609	-0.00816002
-199.80602968	-0.00819506
-199.77267327	-0.00810602
-199.73931686	-0.00686440
-199.70596045	-0.00594051
-199.67260404	-0.00441867
-199.63924763	-0.00199130
-199.60589122	-0.00037527
-199.57253481	0.00185338
-199.53917840	0.00300809
-199.50582199	0.00373081
-199.47246558	0.00241010
-199.43910917	0.00030923
-199.40575276	-0.00247918
-199.37239635	-0.00470959
-199.33903994	-0.00665541
-199.30568353	-0.00708584
-199.27232712	-0.00637940
-199.23897071	-0.00495441
-199.20561431	-0.00267121
-199.17225790	-0.00013115
-199.13890149	0.00263492
-199.10554508	0.00512196
-199.07218867	0.00724884
-199.03883226	0.00916817
-199.00547585	0.01042916
-198.97211944	0.01109942
-198.93876303	0.01152559
-198.90540662	0.01150158
-198.87205021	0.01127983
-198.83869380	0.01080790
-198.80533739	0.00978756
-198.77198098	0.00871033
-198.73862457	0.00720268
-198.70526816	0.00567863
-198.67191175	0.00475142
-198.63855534	0.00415655
-198.60519893	0.00391841
-198.57184252	0.00323409
-198.53848611	0.00313280
-198.50512971	0.00226510
-198.47177330	0.00104410
-198.43841689	-0.00035305
-198.40506048	-0.00127241
-198.37170407	-0.00187671
-198.33834766	-0.00237353
-198.30499125	-0.00250737
-198.27163484	-0.00356012
-198.23827843	-0.00508636
-198.20492202	-0.00784260
-198.17156561	-0.01139142
-198.13820920	-0.01474283
-198.10485279	-0.01715506
-198.07149638	-0.01806432
-198.03813997	-0.01764548
-198.00478356	-0.01652877
-197.97142715	-0.01395875
-197.93807074	-0.01100802
-197.90471433	-0.00721531
-197.87135792	-0.00315917
-197.83800152	0.00168554
-197.80464511	0.00610717
-197.77128870	0.01056244
-197.73793229	0.01399139
-197.70457588	0.01701893
-197.67121947	0.01913466
-197.63786306	0.02056318
-197.60450665	0.02065237
-197.57115024	0.01929313
-197.53779383	0.01628439
-197.50443742	0.01188308
-197.47108101	0.00622254
-197.43772460	-0.00013298
-197.40436819	-0.00669111
-197.37101178	-0.01282773
-197.33765537	-0.01709087
-197.30429896	-0.01954938
-197.27094255	-0.02025215
-197.23758614	-0.01950037
-197.20422973	-0.01744618
-197.17087332	-0.01428647
-197.13751692	-0.00992176
-197.10416051	-0.00349806
-197.07080410	0.00270304
-197.03744769	0.00851216
-197.00409128	0.01338261
-196.97073487	0.01701854
-196.93737846	0.01971488
-196.90402205	0.02096653
-196.87066564	0.02230251
-196.83730923	0.02266302
-196.80395282	0.02103418
-196.77059641	0.01795670
-196.73724000	0.01233587
-196.70388359	0.00549363
-196.67052718	-0.00162316
-196.63717077	-0.00832666
-196.60381436	-0.01400566
-196.57045795	-0.01802078
-196.53710154	-0.01886449
-196.50374513	-0.01835431
-196.47038872	-0.01685370
-196.43703232	-0.01527162
-196.40367591	-0.01434643
-196.37031950	-0.01364064
-196.33696309	-0.01286811
-196.30360668	-0.01135804
-196.27025027	-0.00954828
-196.23689386	-0.00783175
-196.20353745	-0.00610677
-196.17018104	-0.00484905
-196.13682463	-0.00422151
-196.10346822	-0.00352336
-196.07011181	-0.00167912
-196.03675540	0.00137082
-196.00339899	0.00470754
-195.97004258	0.00837186
-195.93668617	0.01118343
-195.90332976	0.01325180
-195.86997335	0.01370908
-195.83661694	0.01357748
-195.80326053	0.01320101
-195.76990412	0.01208288
-195.73654772	0.01010203
-195.70319131	0.00751845
-195.66983490	0.00404304
-195.63647849	-0.00128617
-195.60312208	-0.00644792
-195.56976567	-0.01109405
-195.53640926	-0.01445879
-195.50305285	-0.01609934
-195.46969644	-0.01601667
-195.43634003	-0.01391892
-195.40298362	-0.01048039
-195.36962721	-0.00602228
-195.33627080	-0.00133206
-195.30291439	0.00345390
-195.26955798	0.00936925
-195.23620157	0.01518595
-195.20284516	0.02022075
-195.16948875	0.02349409
-195.13613234	0.02422609
-195.10277593	0.02216271
-195.06941952	0.01770229
-195.03606312	0.01212380
-195.00270671	0.00670942
-194.96935030	0.00145657
-194.93599389	-0.00327583
-194.90263748	-0.00746639
-194.86928107	-0.01096064
-194.83592466	-0.01471054
-194.80256825	-0.01769665
-194.76921184	-0.01926306
-194.73585543	-0.01965016
-194.70249902	-0.01850009
-194.66914261	-0.01629242
-194.63578620	-0.01461177
-194.60242979	-0.01342426
-194.56907338	-0.01419279
-194.53571697	-0.01589143
-194.50236056	-0.01754318
-194.46900415	-0.01953983
-194.43564774	-0.02059764
-194.40229133	-0.02007392
-194.36893492	-0.01843576
-194.33557852	-0.01564989
-194.30222211	-0.01077828
-194.26886570	-0.00506095
-194.23550929	0.00092470
-194.20215288	0.00770208
-194.16879647	0.01412329
-194.13544006	0.01988839
-194.10208365	0.02304120
-194.06872724	0.02404984
-194.03537083	0.02225772
-194.00201442	0.01837689
-193.96865801	0.01303686
-193.93530160	0.00684202
-193.90194519	0.00010039
-193.86858878	-0.00695842
-193.83523237	-0.01315271
-193.80187596	-0.01816721
-193.76851955	-0.02351785
-193.73516314	-0.02777948
-193.70180673	-0.02967218
-193.66845033	-0.02919234
-193.63509392	-0.02507307
-193.60173751	-0.01634225
-193.56838110	-0.00454551
-193.53502469	0.00805759
-193.50166828	0.02043005
-193.46831187	0.03032020
-193.43495546	0.03675711
-193.40159905	0.03988978
-193.36824264	0.04012383
-193.33488623	0.03685869
-193.30152982	0.03149257
-193.26817341	0.02526474
-193.23481700	0.01745055
-193.20146059	0.00901995
-193.16810418	0.00078543
-193.13474777	-0.00685276
-193.10139136	-0.01401375
-193.06803495	-0.01950793
-193.03467854	-0.02238430
-193.00132213	-0.02364966
-192.96796573	-0.02340440
-192.93460932	-0.02271436
-192.90125291	-0.02107403
-192.86789650	-0.01920826
-192.83454009	-0.01677244
-192.80118368	-0.01320128
-192.76782727	-0.00958007
-192.73447086	-0.00580517
-192.70111445	-0.00317127
-192.66775804	-0.00072802
-192.63440163	0.00132745
-192.60104522	0.00319592
-192.56768881	0.00529064
-192.53433240	0.00764291
-192.50097599	0.01005123
-192.46761958	0.01222370
-192.43426317	0.01327604
-192.40090676	0.01352772
-192.36755035	0.01339103
-192.33419394	0.01276919
-192.30083753	0.01149855
-192.26748113	0.01049446
-192.23412472	0.00831628
-192.20076831	0.00611917
-192.16741190	0.00295071
-192.13405549	-0.00134748
-192.10069908	-0.00606843
-192.06734267	-0.01144210
-192.03398626	-0.01651495
-192.00062985	-0.02138330
-191.96727344	-0.02487999
-191.93391703	-0.02614173
-191.90056062	-0.02518313
-191.86720421	-0.02276554
-191.83384780	-0.01714712
-191.80049139	-0.01099477
-191.76713498	-0.00391744
-191.73377857	0.00399293
-191.70042216	0.01010091
-191.66706575	0.01646894
-191.63370934	0.02177340
-191.60035293	0.02532434
-191.56699653	0.02723062
-191.53364012	0.02682303
-191.50028371	0.02416006
-191.46692730	0.01911861
-191.43357089	0.01259505
-191.40021448	0.00530815
-191.36685807	-0.00127631
-191.33350166	-0.00681405
-191.30014525	-0.01050420
-191.26678884	-0.01327899
-191.23343243	-0.01401973
-191.20007602	-0.01347266
-191.16671961	-0.01171886
-191.13336320	-0.00882918
-191.10000679	-0.00565384
-191.06665038	-0.00267270
-191.03329397	0.00017198
-190.99993756	0.00147153
-190.96658115	0.00234959
-190.93322474	0.00263206
-190.89986833	0.00215195
-190.86651193	0.00198340
-190.83315552	0.00219636
-190.79979911	0.00270301
-190.76644270	0.00380904
-190.73308629	0.00440167
-190.69972988	0.00547122
-190.66637347	0.00596599
-190.63301706	0.00708049
-190.59966065	0.00896923
-190.56630424	0.01144255
-190.53294783	0.01394468
-190.49959142	0.01579610
-190.46623501	0.01647681
-190.43287860	0.01482496
-190.39952219	0.01038465
-190.36616578	0.00453299
-190.33280937	-0.00247691
-190.29945296	-0.00902703
-190.26609655	-0.01398609
-190.23274014	-0.01814197
-190.19938373	-0.02130420
-190.16602733	-0.02381446
-190.13267092	-0.02553812
-190.09931451	-0.02597509
-190.06595810	-0.02392205
-190.03260169	-0.01860404
-189.99924528	-0.01084253
-189.96588887	-0.00071019
-189.93253246	0.01070573
-189.89917605	0.02017478
-189.86581964	0.02693966
-189.83246323	0.03061771
-189.79910682	0.03091209
-189.76575041	0.02854511
-189.73239400	0.02422196
-189.69903759	0.01921952
-189.66568118	0.01281135
-189.63232477	0.00591739
-189.59896836	-0.00124602
-189.56561195	-0.00839784
-189.53225554	-0.01442879
-189.49889914	-0.01924592
-189.46554273	-0.02149120
-189.43218632	-0.02215122
-189.39882991	-0.01985459
-189.36547350	-0.01710959
-189.33211709	-0.01366249
-189.29876068	-0.01096373
-189.26540427	-0.00811961
-189.23204786	-0.00628438
-189.19869145	-0.00508870
-189.16533504	-0.00474240
-189.13197863	-0.00605149
-189.09862222	-0.00815909
-189.06526581	-0.01095384
-189.03190940	-0.01340903
-188.99855299	-0.01499612
-188.96519658	-0.01455590
-188.93184017	-0.01245896
-188.89848376	-0.00938853
-188.86512735	-0.00539424
-188.83177094	-0.00256759
-188.79841454	-0.00115051
-188.76505813	-0.00002400
-188.73170172	-0.00037587
-188.69834531	-0.00080528
-188.66498890	-0.00111047
-188.63163249	-0.00099831
-188.59827608	-0.00055219
-188.56491967	-0.00021296
-188.53156326	-0.00052747
-188.49820685	-0.00146962
-188.46485044	-0.00331016
-188.43149403	-0.00466202
-188.39813762	-0.00614930
-188.36478121	-0.00697814
-188.33142480	-0.00654544
-188.29806839	-0.00500287
-188.26471198	-0.00260650
-188.23135557	0.00037850
-188.19799916	0.00347270
-188.16464275	0.00607367
-188.13128634	0.00814092
-188.09792994	0.00942152
-188.06457353	0.00935211
-188.03121712	0.00769651
-187.99786071	0.00457008
-187.96450430	0.00060601
-187.93114789	-0.00441004
-187.89779148	-0.00942887
-187.86443507	-0.01355724
-187.83107866	-0.01681602
-187.79772225	-0.01829041
-187.76436584	-0.01921537
-187.73100943	-0.01908745
-187.69765302	-0.01912573
-187.66429661	-0.01875310
-187.63094020	-0.01788188
-187.59758379	-0.01588310
-187.56422738	-0.01276985
-187.53087097	-0.00941886
-187.49751456	-0.00596642
-187.46415815	-0.00428475
-187.43080174	-0.00444037
-187.39744534	-0.00514129
-187.36408893	-0.00702252
-187.33073252	-0.00923739
-187.29737611	-0.01074617
-187.26401970	-0.01114222
-187.23066329	-0.01036345
-187.19730688	-0.00925072
-187.16395047	-0.00691311
-187.13059406	-0.00410776
-187.09723765	-0.00119264
-187.06388124	0.00187069
-187.03052483	0.00487833
-186.99716842	0.00768919
-186.96381201	0.00993369
-186.93045560	0.01144949
-186.89709919	0.01153315
-186.86374278	0.01131737
-186.83038637	0.00969914
-186.79702996	0.00756183
-186.76367355	0.00489973
-186.73031714	0.00193410
-186.69696074	-0.00119163
-186.66360433	-0.00375009
-186.63024792	-0.00570237
-186.59689151	-0.00705113
-186.56353510	-0.00735503
-186.53017869	-0.00661343
-186.49682228	-0.00458612
-186.46346587	-0.00187119
-186.43010946	0.00155613
-186.39675305	0.00493217
-186.36339664	0.00750948
-186.33004023	0.00997284
-186.29668382	0.01175007
-186.26332741	0.01294457
-186.22997100	0.01275193
-186.19661459	0.01102836
-186.16325818	0.00744464
-186.12990177	0.00254377
-186.09654536	-0.00231534
-186.06318895	-0.00698657
-186.02983255	-0.01073563
-185.99647614	-0.01371802
-185.96311973	-0.01464416
-185.92976332	-0.01365787
-185.89640691	-0.01087956
-185.86305050	-0.00617793
-185.82969409	-0.00085679
-185.79633768	0.00344127
-185.76298127	0.00776679
-185.72962486	0.01002801
-185.69626845	0.01103825
-185.66291204	0.01080969
-185.62955563	0.00948346
-185.59619922	0.00778055
-185.56284281	0.00609627
-185.52948640	0.00420771
-185.49612999	0.00159942
-185.46277358	-0.00160201
-185.42941717	-0.00515203
-185.39606076	-0.00863959
-185.36270435	-0.01145173
-185.32934795	-0.01340315
-185.29599154	-0.01349125
-185.26263513	-0.01212085
-185.22927872	-0.00978739
-185.19592231	-0.00663594
-185.16256590	-0.00342859
-185.12920949	-0.00091583
-185.09585308	0.00057246
-185.06249667	0.00088208
-185.02914026	0.00020388
-184.99578385	-0.00072730
-184.96242744	-0.00194022
-184.92907103	-0.00285228
-184.89571462	-0.00316711
-184.86235821	-0.00345833
-184.82900180	-0.00264990
-184.79564539	-0.00132465
-184.76228898	-0.00009330
-184.72893257	0.00157636
-184.69557616	0.00339521
-184.66221975	0.00512458
-184.62886335	0.00639574
-184.59550694	0.00767741
-184.56215053	0.00853878
-184.52879412	0.00915601
-184.49543771	0.00928383
-184.46208130	0.00753629
-184.42872489	0.00476374
-184.39536848	0.00076591
-184.36201207	-0.00389331
-184.32865566	-0.00789036
-184.29529925	-0.01075195
-184.26194284	-0.01070770
-184.22858643	-0.00880343
-184.19523002	-0.00531130
-184.16187361	-0.00222304
-184.12851720	0.00050943
-184.09516079	0.00223421
-184.06180438	0.00249880
-184.02844797	0.00208724
-183.99509156	0.00175280
-183.96173515	0.00140326
-183.92837875	0.00093697
-183.89502234	0.00043348
-183.86166593	-0.00149752
-183.82830952	-0.00413796
-183.79495311	-0.00754750
-183.76159670	-0.01113444
-183.72824029	-0.01434178
-183.69488388	-0.01611405
-183.66152747	-0.01619459
-183.62817106	-0.01514672
-183.59481465	-0.01317789
-183.56145824	-0.01014013
-183.52810183	-0.00698496
-183.49474542	-0.00386938
-183.46138901	-0.00001797
-183.42803260	0.00357592
-183.39467619	0.00650147
-183.36131978	0.00923615
-183.32796337	0.01095436
-183.29460696	0.01221157
-183.26125055	0.01227969
-183.22789415	0.01193254
-183.19453774	0.01050258
-183.16118133	0.00911862
-183.12782492	0.00715343
-183.09446851	0.00517868
-183.06111210	0.00373949
-183.02775569	0.00206851
-182.99439928	0.00152711
-182.96104287	0.00200247
-182.92768646	0.00390967
-182.89433005	0.00599728
-182.86097364	0.00750856
-182.82761723	0.00894765
-182.79426082	0.00861015
-182.76090441	0.00751525
-182.72754800	0.00527707
-182.69419159	0.00248797
-182.66083518	-0.00061705
-182.62747877	-0.00269514
-182.59412236	-0.00458134
-182.56076595	-0.00561236
-182.52740955	-0.00622771
-182.49405314	-0.00575878
-182.46069673	-0.00512870
-182.42734032	-0.00345388
-182.39398391	-0.00101171
-182.36062750	0.00146561
-182.32727109	0.00391454
-182.29391468	0.00687316
-182.26055827	0.00877824
-182.22720186	0.01044437
-182.19384545	0.01104638
-182.16048904	0.01042876
-182.12713263	0.00919040
-182.09377622	0.00708055
-182.06041981	0.00473890
-182.02706340	0.00248677
-181.99370699	-0.00025052
-181.96035058	-0.00319697
-181.92699417	-0.00694348
-181.89363776	-0.01034237
-181.86028136	-0.01286137
-181.82692495	-0.01459996
-181.79356854	-0.01476820
-181.76021213	-0.01411651
-181.72685572	-0.01276171
-181.69349931	-0.01082478
-181.66014290	-0.00850974
-181.62678649	-0.00601062
-181.59343008	-0.00252524
-181.56007367	0.00090468
-181.52671726	0.00393278
-181.49336085	0.00690701
-181.46000444	0.00853628
-181.42664803	0.00965532
-181.39329162	0.00991379
-181.35993521	0.00890101
-181.32657880	0.00818111
-181.29322239	0.00662365
-181.25986598	0.00493311
-181.22650957	0.00284510
-181.19315316	0.00071582
-181.15979676	-0.00157353
-181.12644035	-0.00407869
-181.09308394	-0.00627565
-181.05972753	-0.00759905
-181.02637112	-0.00819443
-180.99301471	-0.00790367
-180.95965830	-0.00714107
-180.92630189	-0.00630984
-180.89294548	-0.00554392
-180.85958907	-0.00487263
-180.82623266	-0.00427461
-180.79287625	-0.00359587
-180.75951984	-0.00278827
-180.72616343	-0.00191295
-180.69280702	-0.00099110
-180.65945061	-0.00007712
-180.62609420	0.00067426
-180.59273779	0.00130182
-180.55938138	0.00162433
-180.52602497	0.00176337
-180.49266856	0.00160355
-180.45931216	0.00131434
-180.42595575	0.00091232
-180.39259934	0.00046184
-180.35924293	0.00010842
-180.32588652	-0.00021494
-180.29253011	-0.00040071
-180.25917370	-0.00046476
-180.22581729	-0.00044797
-180.19246088	-0.00037512
-180.15910447	-0.00028822
-180.12574806	-0.00020018
-180.09239165	-0.00012232
-180.05903524	-0.00005773
-180.02567883	-0.00001491
-179.99232242	-0.00000000
